#schema=1
tree-sha256	90bb5ab66158d9908921628fce35d0087a76ca4286b70e8f4f2f0e60b546f0d6
decision	bump=0.3.0
